0.0,0.0,180.0,0.0
0.33026,0.0,180.0,0.0
0.663863,0.0,180.0,0.0
1.001042,0.0,180.0,0.0
1.333362,0.0,180.0,0.0
1.663667,0.0,180.0,0.0
1.668679,0.0,180.0,0.0
2.012199,0.00,180.00,0.00
2.324525,0.00,180.00,0.00
2.667039,0.0,180.0,0.0
3.003088,0.0,180.0,0.0
3.33563,0.0,180.0,0.0
3.664489,0.0,180.0,0.0
4.004811,0.0,180.0,0.0
4.333628,0.0,180.0,0.0
4.664647,0.0,180.0,0.0
5.001791,0.0,180.0,0.0
5.335038,0.0,180.0,0.0
5.666723,0.0,180.0,0.0
6.005296,0.0,180.0,0.0
6.334349,0.0,180.0,0.0
6.664323,0.0,180.0,0.0
7.005533,0.0,180.0,0.0
7.334122,0.0,180.0,0.0
7.667733,0.0,180.0,0.0
8.004181,0.0,180.0,0.0
8.33708,0.0,180.0,0.0
8.667844,0.0,180.0,0.0
9.00563,0.0,180.0,0.0
9.335391,0.0,180.0,0.0
9.66656,0.0,180.0,0.0
10.00265,0.0,180.0,0.0
10.33174,0.0,180.0,0.0
10.66511,0.0,180.0,0.0
11.00525,0.0,180.0,0.0
11.33155,0.0,180.0,0.0
11.66498,0.0,180.0,0.0
12.00154,0.0,180.0,0.0
12.3366,4.12,180.0,0.0
12.66315,9.4,180.0,0.0
13.00621,15.08,180.0,0.0
13.33521,21.05,180.0,0.0
13.66417,28.85,180.0,0.0
14.00216,39.14,180.0,0.0
14.33542,45.0,180.0,0.0
14.66873,45.0,180.0,0.0
15.00518,45.0,180.0,0.0
15.33186,45.0,180.0,0.0
15.66603,45.0,180.0,0.0
16.00087,45.0,180.0,0.0
16.33353,45.0,180.0,0.0
16.66938,45.0,180.0,0.0
17.00007,45.0,180.0,0.0
17.33341,45.0,180.0,0.0
17.66438,45.0,180.0,0.0
18.00348,45.0,180.0,0.0
18.33567,45.0,180.0,0.0
18.66918,45.0,180.0,0.0
19.00488,45.0,180.0,0.0
19.33015,45.0,180.0,0.0
19.6666,45.0,180.0,0.0
20.0004,45.0,180.0,0.0
20.33073,45.0,180.0,0.0
20.66644,45.0,180.0,0.0
21.0042,45.0,180.0,0.0
21.33233,45.0,180.0,0.0
21.66569,45.27,180.0,0.0
22.00511,43.94,180.0,0.0
22.32815,40.91,180.00,0.00
22.66306,35.37,180.0,0.0
23.00372,27.85,180.0,0.0
23.33237,18.44,180.0,0.0
23.66703,7.05,180.0,0.0
24.00202,355.43,180.0,0.0
24.33266,344.18,180.0,0.0
24.66477,328.41,180.0,0.0
25.00324,311.35,180.0,0.0
25.33676,291.27,180.0,0.0
25.66563,270.02,180.0,0.0
26.0015,274.48,180.0,0.0
26.33434,278.06,180.0,0.0
26.66547,284.6,180.0,0.0
27.00257,299.7,180.0,0.0
27.33298,332.9,180.0,0.0
27.66754,354.83,180.0,0.0
28.0054,23.82,177.82,359.27
28.33311,59.22,173.55,354.23
28.66368,83.69,22.31,202.27
29.00497,54.44,3.69,183.11
29.33397,29.77,2.79,181.22
29.66587,6.41,3.06,180.22
30.00312,344.04,3.02,179.38
30.33612,323.65,3.08,178.29
30.66509,302.66,4.02,176.48
31.00502,277.16,16.64,163.4
31.33727,289.51,170.88,8.84
31.66094,321.43,176.17,2.29
32.00449,355.31,179.51,0.03
32.33065,20.35,175.45,350.48
32.66969,35.51,156.68,326.15
33.00277,37.88,123.96,289.53
33.33077,32.35,106.84,251.6
33.66672,18.15,95.6,202.17
34.0026,359.06,90.22,179.37
34.33408,342.19,95.44,158.55
34.66309,329.27,104.74,116.18
35.00271,322.43,120.5,75.79
35.33021,322.19,146.55,45.37
35.66136,332.93,170.62,16.39
36.00616,352.38,179.34,2.51
36.33618,19.7,180.0,0.0
36.6631,40.47,180.0,0.0
37.00164,63.36,180.0,0.0
37.33367,74.61,226.69,44.54
37.66397,55.1,264.1,74.89
38.00396,22.71,270.13,72.21
38.33451,344.67,269.73,71.22
38.66421,314.52,272.48,75.24
39.00408,295.25,283.84,70.23
39.33392,284.83,318.79,39.4
39.66765,294.68,0.0,0.0
40.0056,315.15,0.0,0.0
40.33585,332.57,0.0,0.0
40.66839,356.28,0.0,0.0
41.00911,12.9,0.0,0.0
41.33418,25.6,0.0,0.0
41.66456,41.12,0.0,0.0
42.00192,41.97,0.0,0.0
42.33407,36.63,0.0,0.0
42.66868,28.23,0.0,0.0
43.00568,14.62,0.0,0.0
43.33751,357.7,359.13,1.72
43.66898,338.55,356.52,11.23
44.00371,324.32,359.16,19.32
44.33659,321.58,2.58,23.1
44.66901,322.19,4.85,25.37
45.00174,327.56,17.09,18.84
45.33737,333.82,30.75,15.23
45.66273,342.34,49.08,18.37
46.00272,352.12,70.64,29.55
46.33429,359.81,89.51,40.29
46.66513,359.02,108.64,32.64
47.0024,1.26,130.68,27.23
47.3354,7.17,153.04,29.17
47.6658,14.91,173.22,37.01
48.00345,19.85,198.68,39.59
48.33116,19.25,226.33,32.27
48.65831,16.51,244.40,23.47
49.00012,13.91,255.52,18.24
49.33428,12.07,262.09,16.1
49.66575,10.49,267.11,15.33
50.00109,9.16,270.36,16.41
50.3335,7.9,271.87,20.05
50.6642,6.33,274.09,24.26
51.00326,4.5,276.97,28.78
51.33517,2.55,280.25,33.22
51.66698,0.21,284.5,38.14
52.00422,357.35,289.67,43.11
52.33616,354.33,295.53,47.53
52.66531,350.97,302.47,51.3
53.00052,345.73,309.2,50.15
53.33795,338.13,317.42,43.15
53.66639,331.97,330.02,33.71
54.00305,330.98,345.54,23.41
54.33349,336.3,358.85,15.89
54.66718,347.4,8.98,11.54
55.00175,0.51,14.9,9.94
55.33591,15.42,25.93,8.59
55.66899,26.9,40.07,6.74
56.0043,28.78,50.56,4.48
56.33271,24.52,55.47,2.75
56.66211,15.5,56.94,1.35
57.00038,3.71,55.73,0.29
57.33569,352.58,55.47,358.16
57.66677,344.2,54.92,355.1
58.00073,338.77,52.9,351.39
58.33393,335.97,49.17,346.86
58.66771,336.08,43.36,341.79
59.00541,340.78,33.86,336.47
59.33241,351.2,22.15,332.47
59.66867,2.35,9.4,331.69
60.0019,7.38,355.49,335.58
60.33492,10.26,340.67,338.06
60.66965,10.56,323.2,338.35
61.00418,7.72,304.42,335.91
61.33573,2.95,287.67,332.16
61.66214,356.72,271.86,332.66
62.00262,349.22,247.98,341.61
62.33571,346.35,219.8,352.24
62.66508,349.87,197.78,358.69
63.00113,355.58,185.61,0.23
63.33259,0.0,180.0,0.0
63.66857,0.0,180.0,0.0
64.00384,0.0,180.0,0.0
64.33364,0.0,180.0,0.0
64.66648,0.0,180.0,0.0
65.00384,0.0,180.0,0.0
65.33512,0.0,180.0,0.0
65.66367,0.0,180.0,0.0
66.00099,0.0,180.0,0.0
66.33266,0.0,180.0,0.0
66.66721,0.0,180.0,0.0
67.00423,0.0,180.0,0.0
67.33331,0.0,180.0,0.0
67.66872,0.0,180.0,0.0
68.00127,0.0,180.0,0.0
68.33537,0.0,180.0,0.0
68.66451,0.0,180.0,0.0
69.0031,0.0,180.0,0.0
69.33147,0.0,180.0,0.0
69.66862,0.0,180.0,0.0
70.00392,0.0,180.0,0.0
70.3355,0.0,180.0,0.0
70.66028,0.0,180.0,0.0
71.0035,0.0,180.0,0.0
71.33313,0.0,180.0,0.0
71.66847,0.0,180.0,0.0
72.00401,0.0,180.0,0.0
72.33221,0.0,180.0,0.0
72.66227,0.0,180.0,0.0
73.00194,0.0,180.0,0.0
73.33508,0.0,180.0,0.0
73.66187,0.0,180.0,0.0
74.00269,0.0,180.0,0.0
74.33308,0.0,180.0,0.0
74.66245,0.0,180.0,0.0
75.00266,0.0,180.0,0.0
75.33765,0.0,180.0,0.0
75.66776,0.0,180.0,0.0
76.00101,0.0,180.0,0.0
76.33089,0.0,180.0,0.0
76.66174,0.0,180.0,0.0
77.00503,0.0,180.0,0.0